image: map.pgm
resolution: 0.100000
origin: [-40.800000, -4.400000, 0.000000]
negate: 0
occupied_thresh: 0.65
free_thresh: 0.196

